<?xml version='1.0' encoding='US-ASCII' ?>
<LWPR nIn='5' nOut='1' kernel='Gaussian'>
	<integer name='n_data'> 72000 </integer>
	<vector name='mean_x' length='5'>
	     2.952296
	    -1.616225
	     0.050587
	     0.035158
	     0.002245
	</vector>
	<vector name='var_x' length='5'>
	    31.699934
	    29.961974
	     4.486464
	     0.084036
	     0.089981
	</vector>
	<integer name='diag_only'> 0 </integer>
	<integer name='update_D'> 1 </integer>
	<integer name='meta'> 0 </integer>
	<scalar name='meta_rate'>   250.000000 </scalar>
	<scalar name='penalty'> 1.000000e-06 </scalar>
	<matrix name='init_alpha' rows='5' columns='5'>
	   250.000000   250.000000   250.000000   250.000000   250.000000
	   250.000000   250.000000   250.000000   250.000000   250.000000
	   250.000000   250.000000   250.000000   250.000000   250.000000
	   250.000000   250.000000   250.000000   250.000000   250.000000
	   250.000000   250.000000   250.000000   250.000000   250.000000
	</matrix>
	<vector name='norm_in' length='5'>
	    20.000000
	    20.000000
	     6.280000
	     1.000000
	     1.000000
	</vector>
	<vector name='norm_out' length='1'>
	     1.000000
	</vector>
	<matrix name='init_D' rows='5' columns='5'>
	    10.000000     0.000000     0.000000     0.000000     0.000000
	     0.000000    10.000000     0.000000     0.000000     0.000000
	     0.000000     0.000000    10.000000     0.000000     0.000000
	     0.000000     0.000000     0.000000    10.000000     0.000000
	     0.000000     0.000000     0.000000     0.000000    10.000000
	</matrix>
	<matrix name='init_M' rows='5' columns='5'>
	     3.162278     0.000000     0.000000     0.000000     0.000000
	     0.000000     3.162278     0.000000     0.000000     0.000000
	     0.000000     0.000000     3.162278     0.000000     0.000000
	     0.000000     0.000000     0.000000     3.162278     0.000000
	     0.000000     0.000000     0.000000     0.000000     3.162278
	</matrix>
	<scalar name='w_gen'>     0.100000 </scalar>
	<scalar name='w_prune'>     1.000000 </scalar>
	<scalar name='init_lambda'>     0.999000 </scalar>
	<scalar name='final_lambda'>     0.999990 </scalar>
	<scalar name='tau_lambda'>     0.999900 </scalar>
	<scalar name='init_S2'> 1.000000e-10 </scalar>
	<scalar name='add_threshold'>     0.500000 </scalar>
	<SubModel out_dim='0' numRFS='73'>
		<integer name='n_pruned'> 0 </integer>
		<ReceptiveField nReg='3'>
			<matrix name='D' rows='5' columns='5'>
			     8.980013    -0.107163     0.305739    -0.568855    -1.316597
			    -0.107163    10.181952     0.241394    -0.574030    -0.769248
			     0.305739     0.241394    15.362325     0.194433    -0.032465
			    -0.568855    -0.574030     0.194433    31.577537    12.751497
			    -1.316597    -0.769248    -0.032465    12.751497    32.753652
			</matrix>
			<matrix name='M' rows='5' columns='5'>
			     2.996667    -0.035761     0.102026    -0.189829    -0.439354
			     0.000000     3.190717     0.076799    -0.182034    -0.246014
			     0.000000     0.000000     3.917399     0.058146     0.007978
			     0.000000     0.000000     0.000000     5.612930     2.248887
			     0.000000     0.000000     0.000000     0.000000     5.238563
			</matrix>
			<matrix name='alpha' rows='5' columns='5'>
			   250.000000   250.000000   250.000000   250.000000   250.000000
			   250.000000   250.000000   250.000000   250.000000   250.000000
			   250.000000   250.000000   250.000000   250.000000   250.000000
			   250.000000   250.000000   250.000000   250.000000   250.000000
			   250.000000   250.000000   250.000000   250.000000   250.000000
			</matrix>
			<scalar name='beta0'> -8.231164e-04 </scalar>
			<vector name='beta' length='3'>
			    -0.012337
			    -0.051064
			     0.020269
			</vector>
			<vector name='c' length='5'>
			     0.000000
			     0.000000
			     0.000000
			     0.000000
			     0.000000
			</vector>
			<matrix name='SXresYres' rows='5' columns='3'>
			     0.945240     0.846709     0.960079
			    -0.797602    -0.684726    -1.404713
			     4.684012    -0.033118     0.317758
			     0.382959     0.247843    -0.980676
			     0.130293     0.526568     0.602744
			</matrix>
			<vector name='SSs2' length='3'>
			    86.031113
			    38.356223
			    41.822212
			</vector>
			<vector name='SSYres' length='3'>
			    -1.061367
			    -1.958622
			     0.847694
			</vector>
			<matrix name='SSXres' rows='5' columns='3'>
			     8.625531    23.847263    -8.878072
			     1.703996    -7.310904   -35.309778
			    88.005337   -17.925848     2.900163
			     7.881322     9.387668   -26.072459
			     9.540921    24.348891    16.876495
			</matrix>
			<matrix name='U' rows='5' columns='3'>
			     0.194438     0.685518     0.461866
			    -0.164068    -0.554373    -0.675767
			     0.963510    -0.026813     0.152864
			     0.078775     0.200660    -0.471775
			     0.026801     0.426324     0.289963
			</matrix>
			<matrix name='P' rows='5' columns='3'>
			     0.100261     0.621731    -0.212281
			     0.019807    -0.190605    -0.844283
			     1.022948    -0.467352     0.069345
			     0.091610     0.244750    -0.623412
			     0.110901     0.634809     0.403529
			</matrix>
			<vector name='H' length='3'>
			    -1.357833
			    -1.875105
			    -0.112047
			</vector>
			<vector name='r' length='3'>
			     0.032945
			     0.027752
			     0.016581
			</vector>
			<matrix name='h' rows='5' columns='5'>
			     0.000000     0.000000     0.000000     0.000000     0.000000
			     0.000000     0.000000     0.000000     0.000000     0.000000
			     0.000000     0.000000     0.000000     0.000000     0.000000
			     0.000000     0.000000     0.000000     0.000000     0.000000
			     0.000000     0.000000     0.000000     0.000000     0.000000
			</matrix>
			<matrix name='b' rows='5' columns='5'>
			     5.521461     5.521461     5.521461     5.521461     5.521461
			     0.000000     5.521461     5.521461     5.521461     5.521461
			     0.000000     0.000000     5.521461     5.521461     5.521461
			     0.000000     0.000000     0.000000     5.521461     5.521461
			     0.000000     0.000000     0.000000     0.000000     5.521461
			</matrix>
			<vector name='sum_w' length='3'>
			 1.076370e+03
			 1.076370e+03
			 1.021769e+03
			</vector>
			<vector name='sum_e_cv2' length='3'>
			     7.531668
			     7.432920
			     7.101021
			</vector>
			<scalar name='sum_e2'>     7.096470 </scalar>
			<scalar name='SSp'>     0.559595 </scalar>
			<vector name='n_data' length='3'>
			 2.931225e+04
			 2.931225e+04
			 2.841078e+04
			</vector>
			<integer name='trustworthy'> 1 </integer>
			<vector name='lambda' length='3'>
			     0.999988
			     0.999988
			     0.999988
			</vector>
			<vector name='mean_x' length='5'>
			     0.181018
			     0.019567
			     0.019897
			     0.045306
			    -0.008456
			</vector>
			<vector name='var_x' length='5'>
			     0.046758
			     0.066678
			     0.092666
			     0.040001
			     0.042449
			</vector>
			<scalar name='w'> 5.274123e-03 </scalar>
			<vector name='s' length='3'>
			    -0.516065
			     0.056013
			    -0.069521
			</vector>
		</ReceptiveField>
		<ReceptiveField nReg='2'>
			<matrix name='D' rows='5' columns='5'>
			     9.047926    -0.750611    -0.892019    -0.967513    -0.506226
			    -0.750611    11.627698    -0.343077     1.153973     0.698512
			    -0.892019    -0.343077    64.799499     4.376177    -1.454760
			    -0.967513     1.153973     4.376177    12.822810    -2.068828
			    -0.506226     0.698512    -1.454760    -2.068828     3.628136
			</matrix>
			<matrix name='M' rows='5' columns='5'>
			     3.007977    -0.249540    -0.296551    -0.321649    -0.168295
			     0.000000     3.400798    -0.122641     0.315723     0.193047
			     0.000000     0.000000     8.043414     0.537025    -0.184125
			     0.000000     0.000000     0.000000     3.511592    -0.593756
			     0.000000     0.000000     0.000000     0.000000     1.782161
			</matrix>
			<matrix name='alpha' rows='5' columns='5'>
			   250.000000   250.000000   250.000000   250.000000   250.000000
			   250.000000   250.000000   250.000000   250.000000   250.000000
			   250.000000   250.000000   250.000000   250.000000   250.000000
			   250.000000   250.000000   250.000000   250.000000   250.000000
			   250.000000   250.000000   250.000000   250.000000   250.000000
			</matrix>
			<scalar name='beta0'>     0.108676 </scalar>
			<vector name='beta' length='2'>
			     0.574046
			     0.085970
			</vector>
			<vector name='c' length='5'>
			     0.049504
			    -0.051225
			     0.497792
			    -0.198097
			    -0.427002
			</vector>
			<matrix name='SXresYres' rows='5' columns='2'>
			    -3.978418    -3.586228
			     8.791765    -1.059779
			     5.356510     4.204774
			   -70.690831    -2.486926
			   -79.068849     1.676432
			</matrix>
			<vector name='SSs2' length='2'>
			    91.354392
			    25.596639
			</vector>
			<vector name='SSYres' length='2'>
			    52.441666
			     2.200530
			</vector>
			<matrix name='SSXres' rows='5' columns='2'>
			    -1.524156   -23.473660
			    11.175157     1.750705
			     0.615610     1.983437
			   -58.070467    -8.609433
			   -70.238424     7.454632
			</matrix>
			<matrix name='U' rows='5' columns='2'>
			    -0.037309    -0.562415
			     0.082448    -0.166201
			     0.050232     0.659419
			    -0.662927    -0.390015
			    -0.741495     0.262909
			</matrix>
			<matrix name='P' rows='5' columns='2'>
			    -0.016684    -0.917060
			     0.122328     0.068396
			     0.006739     0.077488
			    -0.635661    -0.336350
			    -0.768857     0.291235
			</matrix>
			<vector name='H' length='2'>
			    -0.042875
			     0.336152
			</vector>
			<vector name='r' length='2'>
			     0.058634
			     0.015118
			</vector>
			<matrix name='h' rows='5' columns='5'>
			     0.000000     0.000000     0.000000     0.000000     0.000000
			     0.000000     0.000000     0.000000     0.000000     0.000000
			     0.000000     0.000000     0.000000     0.000000     0.000000
			     0.000000     0.000000     0.000000     0.000000     0.000000
			     0.000000     0.000000     0.000000     0.000000     0.000000
			</matrix>
			<matrix name='b' rows='5' columns='5'>
			     5.521461     5.521461     5.521461     5.521461     5.521461
			     0.000000     5.521461     5.521461     5.521461     5.521461
			     0.000000     0.000000     5.521461     5.521461     5.521461
			     0.000000     0.000000     0.000000     5.521461     5.521461
			     0.000000     0.000000     0.000000     0.000000     5.521461
			</matrix>
			<vector name='sum_w' length='2'>
			 1.040397e+03
			 1.040397e+03
			</vector>
			<vector name='sum_e_cv2' length='2'>
			     4.198174
			     4.009786
			</vector>
			<scalar name='sum_e2'>     4.003130 </scalar>
			<scalar name='SSp'>     0.769182 </scalar>
			<vector name='n_data' length='2'>
			 9.040317e+03
			 9.040317e+03
			</vector>
			<integer name='trustworthy'> 1 </integer>
			<vector name='lambda' length='2'>
			     0.999944
			     0.999944
			</vector>
			<vector name='mean_x' length='5'>
			     0.206200
			     0.130830
			     0.424904
			    -0.097007
			    -0.171920
			</vector>
			<vector name='var_x' length='5'>
			     0.030902
			     0.035475
			     0.003695
			     0.053731
			     0.066982
			</vector>
			<scalar name='w'> 0.0 </scalar>
			<vector name='s' length='2'>
			    -0.351786
			     0.157761
			</vector>
		</ReceptiveField>
		<ReceptiveField nReg='2'>
			<matrix name='D' rows='5' columns='5'>
			     9.349925    -0.709083     0.214817    -0.391881    -0.074791
			    -0.709083     9.307552    -0.432713     0.700568     0.377864
			     0.214817    -0.432713    43.595304    -4.721565     0.492995
			    -0.391881     0.700568    -4.721565    17.276408     1.745490
			    -0.074791     0.377864     0.492995     1.745490    10.292526
			</matrix>
			<matrix name='M' rows='5' columns='5'>
			     3.057765    -0.231896     0.070253    -0.128159    -0.024459
			     0.000000     3.042002    -0.136891     0.220529     0.122351
			     0.000000     0.000000     6.600881    -0.709356     0.077484
			     0.000000     0.000000     0.000000     4.087562     0.433103
			     0.000000     0.000000     0.000000     0.000000     3.175433
			</matrix>
			<matrix name='alpha' rows='5' columns='5'>
			   250.000000   250.000000   250.000000   250.000000   250.000000
			   250.000000   250.000000   250.000000   250.000000   250.000000
			   250.000000   250.000000   250.000000   250.000000   250.000000
			   250.000000   250.000000   250.000000   250.000000   250.000000
			   250.000000   250.000000   250.000000   250.000000   250.000000
			</matrix>
			<scalar name='beta0'>     0.178893 </scalar>
			<vector name='beta' length='2'>
			     0.575225
			     0.413130
			</vector>
			<vector name='c' length='5'>
			     0.050285
			    -0.051237
			    -0.500000
			    -0.208147
			    -0.435936
			</vector>
			<matrix name='SXresYres' rows='5' columns='2'>
			    -1.197872    -2.673605
			     2.176700     0.948341
			   -11.370588    -7.131903
			   -24.079614     3.564162
			   -15.202867    -0.064858
			</matrix>
			<vector name='SSs2' length='2'>
			    21.243857
			     7.369722
			</vector>
			<vector name='SSYres' length='2'>
			    12.219989
			     3.044651
			</vector>
			<matrix name='SSXres' rows='5' columns='2'>
			     0.794676    -5.920631
			     2.455325     4.424348
			    -1.713196    -3.253401
			   -20.920050     2.422022
			    -9.069432    -0.448193
			</matrix>
			<matrix name='U' rows='5' columns='2'>
			    -0.038938    -0.315924
			     0.070755     0.112060
			    -0.369608    -0.842735
			    -0.782723     0.421156
			    -0.494179    -0.007664
			</matrix>
			<matrix name='P' rows='5' columns='2'>
			     0.037407    -0.803372
			     0.115578     0.600341
			    -0.080644    -0.441455
			    -0.984758     0.328645
			    -0.426920    -0.060815
			</matrix>
			<vector name='H' length='2'>
			    -0.148325
			     0.515332
			</vector>
			<vector name='r' length='2'>
			     0.020495
			     0.007034
			</vector>
			<matrix name='h' rows='5' columns='5'>
			     0.000000     0.000000     0.000000     0.000000     0.000000
			     0.000000     0.000000     0.000000     0.000000     0.000000
			     0.000000     0.000000     0.000000     0.000000     0.000000
			     0.000000     0.000000     0.000000     0.000000     0.000000
			     0.000000     0.000000     0.000000     0.000000     0.000000
			</matrix>
			<matrix name='b' rows='5' columns='5'>
			     5.521461     5.521461     5.521461     5.521461     5.521461
			     0.000000     5.521461     5.521461     5.521461     5.521461
			     0.000000     0.000000     5.521461     5.521461     5.521461
			     0.000000     0.000000     0.000000     5.521461     5.521461
			     0.000000     0.000000     0.000000     0.000000     5.521461
			</matrix>
			<vector name='sum_w' length='2'>
			   637.936487
			   637.936487
			</vector>
			<vector name='sum_e_cv2' length='2'>
			     5.469923
			     4.213370
			</vector>
			<scalar name='sum_e2'>     4.190197 </scalar>
			<scalar name='SSp'>     0.768078 </scalar>
			<vector name='n_data' length='2'>
			 7.103759e+03
			 7.103759e+03
			</vector>
			<integer name='trustworthy'> 1 </integer>
			<vector name='lambda' length='2'>
			     0.999919
			     0.999919
			</vector>
			<vector name='mean_x' length='5'>
			     0.206185
			     0.139338
			    -0.422035
			    -0.181409
			    -0.293982
			</vector>
			<vector name='var_x' length='5'>
			     0.035773
			     0.034769
			     0.006004
			     0.042511
			     0.028772
			</vector>
			<scalar name='w'> 5.230427e-03 </scalar>
			<vector name='s' length='2'>
			    -0.540155
			     0.038691
			</vector>
		</ReceptiveField>
		<ReceptiveField nReg='3'>
			<matrix name='D' rows='5' columns='5'>
			     6.119860    -0.982451     0.313265     1.133658    -1.901607
			    -0.982451     8.258506     0.109532     0.289750     0.285715
			     0.313265     0.109532    37.708701    -5.447751     1.618920
			     1.133658     0.289750    -5.447751    20.538882     6.332688
			    -1.901607     0.285715     1.618920     6.332688    13.074164
			</matrix>
			<matrix name='M' rows='5' columns='5'>
			     2.473835    -0.397137     0.126631     0.458259    -0.768688
			     0.000000     2.846188     0.056153     0.165745    -0.006872
			     0.000000     0.000000     6.139179    -0.898343     0.279621
			     0.000000     0.000000     0.000000     4.415245     1.571211
			     0.000000     0.000000     0.000000     0.000000     3.152197
			</matrix>
			<matrix name='alpha' rows='5' columns='5'>
			   250.000000   250.000000   250.000000   250.000000   250.000000
			   250.000000   250.000000   250.000000   250.000000   250.000000
			   250.000000   250.000000   250.000000   250.000000   250.000000
			   250.000000   250.000000   250.000000   250.000000   250.000000
			   250.000000   250.000000   250.000000   250.000000   250.000000
			</matrix>
			<scalar name='beta0'>    -0.020134 </scalar>
			<vector name='beta' length='3'>
			     0.523938
			     0.095059
			     0.218931
			</vector>
			<vector name='c' length='5'>
			     0.080394
			    -0.025960
			     0.500000
			    -0.279344
			     0.368350
			</vector>
			<matrix name='SXresYres' rows='5' columns='3'>
			     0.508145    -0.972152 13795.637949
			    -1.108367     0.505212 -1762.864592
			    -0.960383     1.219802 2153179.059971
			   -18.001949    -4.054931 800892.101812
			   -23.064415    -0.552856 -2714181.392360
			</matrix>
			<vector name='SSs2' length='3'>
			    25.091103
			     5.287880
			  2457.137748
			</vector>
			<vector name='SSYres' length='3'>
			    13.146185
			     0.502659
			   537.942597
			</vector>
			<matrix name='SSXres' rows='5' columns='3'>
			     1.697041    -2.029734     5.773822
			    -2.539069     2.458228    -1.735415
			     0.798612     0.961495  1485.473277
			   -12.248067    -4.825452   562.974476
			   -22.052344     3.455414 -1874.574799
			</matrix>
			<matrix name='U' rows='5' columns='3'>
			     0.017343    -0.220509     0.003880
			    -0.037829     0.114595    -0.000496
			    -0.032778     0.276683     0.605519
			    -0.614417    -0.919763     0.225228
			    -0.787201    -0.125402    -0.763285
			</matrix>
			<matrix name='P' rows='5' columns='3'>
			     0.067635    -0.383846     0.002350
			    -0.101194     0.464880    -0.000706
			     0.031829     0.181830     0.604554
			    -0.488144    -0.912550     0.229118
			    -0.878891     0.653459    -0.762910
			</matrix>
			<vector name='H' length='3'>
			     0.425472
			     1.443291
			    -4.818517
			</vector>
			<vector name='r' length='3'>
			     0.013364
			     0.003856
			     0.019035
			</vector>
			<matrix name='h' rows='5' columns='5'>
			     0.000000     0.000000     0.000000     0.000000     0.000000
			     0.000000     0.000000     0.000000     0.000000     0.000000
			     0.000000     0.000000     0.000000     0.000000     0.000000
			     0.000000     0.000000     0.000000     0.000000     0.000000
			     0.000000     0.000000     0.000000     0.000000     0.000000
			</matrix>
			<matrix name='b' rows='5' columns='5'>
			     5.521461     5.521461     5.521461     5.521461     5.521461
			     0.000000     5.521461     5.521461     5.521461     5.521461
			     0.000000     0.000000     5.521461     5.521461     5.521461
			     0.000000     0.000000     0.000000     5.521461     5.521461
			     0.000000     0.000000     0.000000     0.000000     5.521461
			</matrix>
			<vector name='sum_w' length='3'>
			   554.046910
			   554.046910
			   554.046910
			</vector>
			<vector name='sum_e_cv2' length='3'>
			     1.650623
			     1.603453
			     3.052206
			</vector>
			<scalar name='sum_e2'>     3.048788 </scalar>
			<scalar name='SSp'>     0.546544 </scalar>
			<vector name='n_data' length='3'>
			 9.282634e+03
			 9.282634e+03
			 9.282634e+03
			</vector>
			<integer name='trustworthy'> 1 </integer>
			<vector name='lambda' length='3'>
			     0.999946
			     0.999946
			     0.999946
			</vector>
			<vector name='mean_x' length='5'>
			     0.241304
			     0.090709
			     0.393737
			    -0.143288
			     0.201187
			</vector>
			<vector name='var_x' length='5'>
			     0.036910
			     0.059860
			     0.008486
			     0.041832
			     0.052417
			</vector>
			<scalar name='w'> 0.0 </scalar>
			<vector name='s' length='3'>
			    -0.159920
			     0.073919
			    -0.385858
			</vector>
		</ReceptiveField>
		<ReceptiveField nReg='3'>
			<matrix name='D' rows='5' columns='5'>
			     6.033326    -0.152688    -0.286024    -0.306322    -0.111015
			    -0.152688     7.783393     0.365192    -0.019476     0.947411
			    -0.286024     0.365192    12.543290     1.386901    -0.448350
			    -0.306322    -0.019476     1.386901    35.950621     0.875677
			    -0.111015     0.947411    -0.448350     0.875677    34.513656
			</matrix>
			<matrix name='M' rows='5' columns='5'>
			     2.456283    -0.062162    -0.116446    -0.124710    -0.045196
			     0.000000     2.789181     0.128336    -0.009762     0.338666
			     0.000000     0.000000     3.537409     0.388316    -0.140520
			     0.000000     0.000000     0.000000     5.981988     0.155118
			     0.000000     0.000000     0.000000     0.000000     5.861153
			</matrix>
			<matrix name='alpha' rows='5' columns='5'>
			   250.000000   250.000000   250.000000   250.000000   250.000000
			   250.000000   250.000000   250.000000   250.000000   250.000000
			   250.000000   250.000000   250.000000   250.000000   250.000000
			   250.000000   250.000000   250.000000   250.000000   250.000000
			   250.000000   250.000000   250.000000   250.000000   250.000000
			</matrix>
			<scalar name='beta0'> 1.422879e-03 </scalar>
			<vector name='beta' length='3'>
			     0.030994
			    -0.018104
			     0.109048
			</vector>
			<vector name='c' length='5'>
			     0.078579
			    -0.024590
			    -0.258298
			    -0.477406
			     0.428076
			</vector>
			<matrix name='SXresYres' rows='5' columns='3'>
			    -0.635013    -0.128560  1417.735824
			     0.356273     0.056349  6145.135784
			    -0.899229   -16.084851 -2740478.830108
			     0.623902     3.428640 552773.721931
			     0.195725     0.458873 52775.435457
			</matrix>
			<vector name='SSs2' length='3'>
			    10.605876
			     4.184339
			 11123.075519
			</vector>
			<vector name='SSYres' length='3'>
			     0.328713
			    -0.075754
			  1212.951259
			</vector>
			<matrix name='SSXres' rows='5' columns='3'>
			    -3.664596     3.556342     5.578491
			     4.953144    -3.906355    24.483618
			    -8.421408    -4.610136 -10901.517323
			     3.805525    -1.316065  2198.874355
			     0.626370    -1.605759   209.881089
			</matrix>
			<matrix name='U' rows='5' columns='3'>
			    -0.477798    -0.007814     0.000507
			     0.268068     0.003425     0.002198
			    -0.676600    -0.977611    -0.980080
			     0.469438     0.208387     0.197689
			     0.147268     0.027890     0.018874
			</matrix>
			<matrix name='P' rows='5' columns='3'>
			    -0.345525     0.849917     0.000502
			     0.467019    -0.933566     0.002201
			    -0.794032    -1.101759    -0.980081
			     0.358813    -0.314521     0.197686
			     0.059059    -0.383754     0.018869
			</matrix>
			<vector name='H' length='3'>
			    -0.193579
			    -0.135712
			    -0.000559
			</vector>
			<vector name='r' length='3'>
			 8.465783e-03
			 2.476936e-03
			 2.067161e-06
			</vector>
			<matrix name='h' rows='5' columns='5'>
			     0.000000     0.000000     0.000000     0.000000     0.000000
			     0.000000     0.000000     0.000000     0.000000     0.000000
			     0.000000     0.000000     0.000000     0.000000     0.000000
			     0.000000     0.000000     0.000000     0.000000     0.000000
			     0.000000     0.000000     0.000000     0.000000     0.000000
			</matrix>
			<matrix name='b' rows='5' columns='5'>
			     5.521461     5.521461     5.521461     5.521461     5.521461
			     0.000000     5.521461     5.521461     5.521461     5.521461
			     0.000000     0.000000     5.521461     5.521461     5.521461
			     0.000000     0.000000     0.000000     5.521461     5.521461
			     0.000000     0.000000     0.000000     0.000000     5.521461
			</matrix>
			<vector name='sum_w' length='3'>
			   300.249663
			   300.249663
			   300.249663
			</vector>
			<vector name='sum_e_cv2' length='3'>
			     1.489920
			     1.490035
			     1.489872
			</vector>
			<scalar name='sum_e2'>     1.484436 </scalar>
			<scalar name='SSp'>     0.435920 </scalar>
			<vector name='n_data' length='3'>
			 4.358312e+03
			 4.358312e+03
			 4.358312e+03
			</vector>
			<integer name='trustworthy'> 1 </integer>
			<vector name='lambda' length='3'>
			     0.999841
			     0.999841
			     0.999841
			</vector>
			<vector name='mean_x' length='5'>
			     0.285528
			     0.119683
			    -0.122544
			    -0.374764
			     0.357961
			</vector>
			<vector name='var_x' length='5'>
			     0.032506
			     0.057492
			     0.039439
			     0.015581
			     0.017492
			</vector>
			<scalar name='w'> 2.304954e-03 </scalar>
			<vector name='s' length='3'>
			     0.614155
			    -0.082743
			    -0.002946
			</vector>
		</ReceptiveField>
		<ReceptiveField nReg='3'>
			<matrix name='D' rows='5' columns='5'>
			    12.060408    -1.277122     0.311192     2.469776     2.277738
			    -1.277122    11.424170    -0.583289    -0.128519     1.367214
			     0.311192    -0.583289    87.128310     3.018875     1.918130
			     2.469776    -0.128519     3.018875     2.307348    -0.486054
			     2.277738     1.367214     1.918130    -0.486054     4.801103
			</matrix>
			<matrix name='M' rows='5' columns='5'>
			     3.472810    -0.367749     0.089608     0.711175     0.655878
			     0.000000     3.359900    -0.163795     0.039589     0.478708
			     0.000000     0.000000     9.332387     0.317350     0.207639
			     0.000000     0.000000     0.000000     1.303572    -0.795770
			     0.000000     0.000000     0.000000     0.000000     1.861559
			</matrix>
			<matrix name='alpha' rows='5' columns='5'>
			   250.000000   250.000000   250.000000   250.000000   250.000000
			   250.000000   250.000000   250.000000   250.000000   250.000000
			   250.000000   250.000000   250.000000   250.000000   250.000000
			   250.000000   250.000000   250.000000   250.000000   250.000000
			   250.000000   250.000000   250.000000   250.000000   250.000000
			</matrix>
			<scalar name='beta0'>    -0.096112 </scalar>
			<vector name='beta' length='3'>
			     0.420527
			     0.049404
			     0.067576
			</vector>
			<vector name='c' length='5'>
			     0.091582
			     0.003293
			     0.022876
			    -0.401978
			    -0.457882
			</vector>
			<matrix name='SXresYres' rows='5' columns='3'>
			    -7.313662     2.431406     2.703419
			    -3.738747     0.389858     0.976064
			     0.611923     1.134967     0.844393
			    28.600745    -0.860540     9.917672
			    21.950909     2.323462    -2.441073
			</matrix>
			<vector name='SSs2' length='3'>
			    40.655954
			    31.182937
			    18.510492
			</vector>
			<vector name='SSYres' length='3'>
			    17.096912
			     1.540557
			     1.250863
			</vector>
			<matrix name='SSXres' rows='5' columns='3'>
			   -11.303486     9.900428    13.402773
			    -5.710045    -5.666407     5.694908
			    -1.355044    -0.047753     0.117162
			    35.725335   -20.708421    13.589959
			    18.035288    23.800733    -9.152297
			</matrix>
			<matrix name='U' rows='5' columns='3'>
			    -0.197761     0.661969     0.253987
			    -0.101096     0.106142     0.091701
			     0.016546     0.309003     0.079331
			     0.773364    -0.234289     0.931768
			     0.593552     0.632580    -0.229339
			</matrix>
			<matrix name='P' rows='5' columns='3'>
			    -0.278028     0.317495     0.724064
			    -0.140448    -0.181715     0.307658
			    -0.033330    -0.001531     0.006329
			     0.878723    -0.664095     0.734176
			     0.443608     0.763261    -0.494438
			</matrix>
			<vector name='H' length='3'>
			    -0.289064
			    -0.018478
			    -0.445821
			</vector>
			<vector name='r' length='3'>
			     0.067101
			     0.024241
			     0.013265
			</vector>
			<matrix name='h' rows='5' columns='5'>
			     0.000000     0.000000     0.000000     0.000000     0.000000
			     0.000000     0.000000     0.000000     0.000000     0.000000
			     0.000000     0.000000     0.000000     0.000000     0.000000
			     0.000000     0.000000     0.000000     0.000000     0.000000
			     0.000000     0.000000     0.000000     0.000000     0.000000
			</matrix>
			<matrix name='b' rows='5' columns='5'>
			     5.521461     5.521461     5.521461     5.521461     5.521461
			     0.000000     5.521461     5.521461     5.521461     5.521461
			     0.000000     0.000000     5.521461     5.521461     5.521461
			     0.000000     0.000000     0.000000     5.521461     5.521461
			     0.000000     0.000000     0.000000     0.000000     5.521461
			</matrix>
			<vector name='sum_w' length='3'>
			   519.788552
			   519.788552
			   519.788552
			</vector>
			<vector name='sum_e_cv2' length='3'>
			     4.745154
			     4.670588
			     4.589174
			</vector>
			<scalar name='sum_e2'>     4.564169 </scalar>
			<scalar name='SSp'>     0.983202 </scalar>
			<vector name='n_data' length='3'>
			 1.188865e+04
			 1.188865e+04
			 1.188865e+04
			</vector>
			<integer name='trustworthy'> 1 </integer>
			<vector name='lambda' length='3'>
			     0.999963
			     0.999963
			     0.999963
			</vector>
			<vector name='mean_x' length='5'>
			     0.106043
			     0.090021
			     0.011931
			    -0.035656
			    -0.273238
			</vector>
			<vector name='var_x' length='5'>
			     0.041170
			     0.048357
			     0.017987
			     0.106209
			     0.063208
			</vector>
			<scalar name='w'> 0.0 </scalar>
			<vector name='s' length='3'>
			     0.522066
			     0.281187
			    -0.214155
			</vector>
		</ReceptiveField>
		<ReceptiveField nReg='3'>
			<matrix name='D' rows='5' columns='5'>
			    11.003377     1.030211    -0.356832     0.705271     1.237873
			     1.030211    10.577288    -2.055658    -0.046292     0.163314
			    -0.356832    -2.055658    41.378569    -2.597717    -8.600373
			     0.705271    -0.046292    -2.597717    17.391258     3.342223
			     1.237873     0.163314    -8.600373     3.342223    14.361428
			</matrix>
			<matrix name='M' rows='5' columns='5'>
			     3.317134     0.310573    -0.107572     0.212615     0.373175
			     0.000000     3.237411    -0.624650    -0.034696     0.014646
			     0.000000     0.000000     6.401313    -0.405623    -1.335832
			     0.000000     0.000000     0.000000     4.144915     0.656598
			     0.000000     0.000000     0.000000     0.000000     3.465023
			</matrix>
			<matrix name='alpha' rows='5' columns='5'>
			   250.000000   250.000000   250.000000   250.000000   250.000000
			   250.000000   250.000000   250.000000   250.000000   250.000000
			   250.000000   250.000000   250.000000   250.000000   250.000000
			   250.000000   250.000000   250.000000   250.000000   250.000000
			   250.000000   250.000000   250.000000   250.000000   250.000000
			</matrix>
			<scalar name='beta0'>    -0.188585 </scalar>
			<vector name='beta' length='3'>
			     1.047237
			     0.219058
			     0.068744
			</vector>
			<vector name='c' length='5'>
			     0.043058
			     0.012061
			    -0.380268
			     0.237742
			     0.438296
			</vector>
			<matrix name='SXresYres' rows='5' columns='3'>
			     4.517789    -3.665395     1.403255
			    -0.355455     9.447383    -0.214595
			    31.050829     6.295730     5.512528
			   -23.000177     6.798021     0.567272
			   -15.417572    -1.660510     3.689087
			</matrix>
			<vector name='SSs2' length='3'>
			    15.918124
			    30.833601
			    23.318650
			</vector>
			<vector name='SSYres' length='3'>
			    16.670055
			     6.754355
			     1.603028
			</vector>
			<matrix name='SSXres' rows='5' columns='3'>
			     3.853333    -8.201442     7.177463
			    -3.008980    28.758498    10.817371
			     7.258917     6.012564     5.984644
			   -14.139981     6.551301    -6.716812
			    -6.637040    -5.045326    21.139318
			</matrix>
			<matrix name='U' rows='5' columns='3'>
			     0.107953    -0.265014     0.206151
			    -0.008494     0.683062    -0.031526
			     0.741960     0.455192     0.809841
			    -0.549590     0.491508     0.083337
			    -0.368403    -0.120058     0.541960
			</matrix>
			<matrix name='P' rows='5' columns='3'>
			     0.242072    -0.265990     0.307799
			    -0.189029     0.932700     0.463894
			     0.456016     0.195000     0.256646
			    -0.888294     0.212473    -0.288045
			    -0.416949    -0.163631     0.906541
			</matrix>
			<vector name='H' length='3'>
			    -0.615694
			    -0.582891
			    -0.855940
			</vector>
			<vector name='r' length='3'>
			 7.067866e-03
			 3.401154e-02
			 2.981159e-02
			</vector>
			<matrix name='h' rows='5' columns='5'>
			     0.000000     0.000000     0.000000     0.000000     0.000000
			     0.000000     0.000000     0.000000     0.000000     0.000000
			     0.000000     0.000000     0.000000     0.000000     0.000000
			     0.000000     0.000000     0.000000     0.000000     0.000000
			     0.000000     0.000000     0.000000     0.000000     0.000000
			</matrix>
			<matrix name='b' rows='5' columns='5'>
			     5.521461     5.521461     5.521461     5.521461     5.521461
			     0.000000     5.521461     5.521461     5.521461     5.521461
			     0.000000     0.000000     5.521461     5.521461     5.521461
			     0.000000     0.000000     0.000000     5.521461     5.521461
			     0.000000     0.000000     0.000000     0.000000     5.521461
			</matrix>
			<vector name='sum_w' length='3'>
			 1.058846e+03
			 1.058846e+03
			 1.058846e+03
			</vector>
			<vector name='sum_e_cv2' length='3'>
			     5.731752
			     4.254305
			     4.147276
			</vector>
			<scalar name='sum_e2'>     4.126341 </scalar>
			<scalar name='SSp'>     1.538182 </scalar>
			<vector name='n_data' length='3'>
			 8.034623e+03
			 8.034623e+03
			 8.034623e+03
			</vector>
			<integer name='trustworthy'> 1 </integer>
			<vector name='lambda' length='3'>
			     0.999933
			     0.999933
			     0.999933
			</vector>
			<vector name='mean_x' length='5'>
			     0.202596
			     0.116650
			    -0.392934
			     0.231810
			     0.310405
			</vector>
			<vector name='var_x' length='5'>
			     0.027687
			     0.041705
			     0.008519
			     0.026359
			     0.027387
			</vector>
			<scalar name='w'>     0.650614 </scalar>
			<vector name='s' length='3'>
			    -0.046904
			    -0.070939
			    -0.058592
			</vector>
		</ReceptiveField>
		<ReceptiveField nReg='3'>
			<matrix name='D' rows='5' columns='5'>
			    12.844084     5.045459     8.574318     2.827101    -7.921314
			     5.045459    12.652918     8.723095    -1.182259    -6.990186
			     8.574318     8.723095    52.075962    11.504887   -13.989522
			     2.827101    -1.182259    11.504887     5.613004    -3.132645
			    -7.921314    -6.990186   -13.989522    -3.132645    39.595557
			</matrix>
			<matrix name='M' rows='5' columns='5'>
			     3.583864     1.407827     2.392478     0.788841    -2.210272
			     0.000000     3.266641     1.639268    -0.701887    -1.187307
			     0.000000     0.000000     6.607935     1.629583    -1.022283
			     0.000000     0.000000     0.000000     1.357404    -0.410011
			     0.000000     0.000000     0.000000     0.000000     5.664573
			</matrix>
			<matrix name='alpha' rows='5' columns='5'>
			   250.000000   250.000000   250.000000   250.000000   250.000000
			   250.000000   250.000000   250.000000   250.000000   250.000000
			   250.000000   250.000000   250.000000   250.000000   250.000000
			   250.000000   250.000000   250.000000   250.000000   250.000000
			   250.000000   250.000000   250.000000   250.000000   250.000000
			</matrix>
			<scalar name='beta0'>    -0.068823 </scalar>
			<vector name='beta' length='3'>
			     0.438942
			     0.253345
			     0.161864
			</vector>
			<vector name='c' length='5'>
			     0.093695
			     0.026578
			     0.338224
			     0.500000
			     0.013027
			</vector>
			<matrix name='SXresYres' rows='5' columns='3'>
			    -0.421436    -4.078344   115.795044
			    -3.817892     6.741030  -150.888675
			   -11.114191   -13.224852 -4371.208662
			   -38.643756     9.210069  9271.116825
			   -32.392578    -8.678556 -6531.310135
			</matrix>
			<vector name='SSs2' length='3'>
			    43.698815
			    38.903770
			    12.513266
			</vector>
			<vector name='SSYres' length='3'>
			    19.181233
			     9.856069
			     2.025444
			</vector>
			<matrix name='SSXres' rows='5' columns='3'>
			     2.442897   -17.036272     3.331605
			   -11.508170    19.075493   -11.050855
			     2.782583   -14.137993    -1.891229
			   -39.442180    18.865943     9.387218
			   -20.637805   -23.250027    -8.385601
			</matrix>
			<matrix name='U' rows='5' columns='3'>
			 -8.139382e-03 -2.046569e-01 9.526174e-03
			 -7.373667e-02 3.382741e-01 -1.241324e-02
			 -2.146534e-01 -6.636412e-01 -3.596086e-01
			 -7.463442e-01 4.621739e-01 7.627120e-01
			 -6.256124e-01 -4.355018e-01 -5.373148e-01
			</matrix>
			<matrix name='P' rows='5' columns='3'>
			     0.055903    -0.437908     0.266246
			    -0.263352     0.490325    -0.883131
			     0.063676    -0.363409    -0.151138
			    -0.902592     0.484939     0.750181
			    -0.472274    -0.597629    -0.670137
			</matrix>
			<vector name='H' length='3'>
			    -1.488127
			     0.061431
			    -1.533474
			</vector>
			<vector name='r' length='3'>
			     0.072255
			     0.062591
			     0.006538
			</vector>
			<matrix name='h' rows='5' columns='5'>
			     0.000000     0.000000     0.000000     0.000000     0.000000
			     0.000000     0.000000     0.000000     0.000000     0.000000
			     0.000000     0.000000     0.000000     0.000000     0.000000
			     0.000000     0.000000     0.000000     0.000000     0.000000
			     0.000000     0.000000     0.000000     0.000000     0.000000
			</matrix>
			<matrix name='b' rows='5' columns='5'>
			     5.521461     5.521461     5.521461     5.521461     5.521461
			     0.000000     5.521461     5.521461     5.521461     5.521461
			     0.000000     0.000000     5.521461     5.521461     5.521461
			     0.000000     0.000000     0.000000     5.521461     5.521461
			     0.000000     0.000000     0.000000     0.000000     5.521461
			</matrix>
			<vector name='sum_w' length='3'>
			 1.046284e+03
			 1.046284e+03
			 1.046284e+03
			</vector>
			<vector name='sum_e_cv2' length='3'>
			     8.504268
			     6.010044
			     6.333507
			</vector>
			<scalar name='sum_e2'>     6.318407 </scalar>
			<scalar name='SSp'>     0.869305 </scalar>
			<vector name='n_data' length='3'>
			 9.184806e+03
			 9.184806e+03
			 9.184806e+03
			</vector>
			<integer name='trustworthy'> 1 </integer>
			<vector name='lambda' length='3'>
			     0.999945
			     0.999945
			     0.999945
			</vector>
			<vector name='mean_x' length='5'>
			     0.192785
			     0.099917
			     0.367012
			     0.223829
			     0.041237
			</vector>
			<vector name='var_x' length='5'>
			     0.030334
			     0.034880
			     0.010358
			     0.046672
			     0.028203
			</vector>
			<scalar name='w'> 0.0 </scalar>
			<vector name='s' length='3'>
			     0.053277
			    -0.184922
			    -0.258369
			</vector>
		</ReceptiveField>
		<ReceptiveField nReg='3'>
			<matrix name='D' rows='5' columns='5'>
			     6.872130     0.227711     0.063580     1.155847    -0.628489
			     0.227711     9.558322    -1.352086    -1.573415    -0.474680
			     0.063580    -1.352086    26.407727     3.581208     5.240007
			     1.155847    -1.573415     3.581208    18.680841     9.146495
