<?xml version='1.0' encoding='US-ASCII' ?>
<LWPR nIn='5' nOut='1' kernel='Gaussian'>
	<integer name='n_data'> 72000 </integer>
	<vector name='mean_x' length='5'>
	     2.952296
	    -1.616225
	     0.050587
	     0.035158
	     0.002245
	</vector>
	<vector name='var_x' length='5'>
	    31.699934
	    29.961974
	     4.486464
	     0.084036
	     0.089981
	</vector>
	<integer name='diag_only'> 0 </integer>
	<integer name='update_D'> 1 </integer>
	<integer name='meta'> 0 </integer>
	<scalar name='meta_rate'>   250.000000 </scalar>
	<scalar name='penalty'> 1.000000e-06 </scalar>
	<matrix name='init_alpha' rows='5' columns='5'>
	   250.000000   250.000000   250.000000   250.000000   250.000000
	   250.000000   250.000000   250.000000   250.000000   250.000000
	   250.000000   250.000000   250.000000   250.000000   250.000000
	   250.000000   250.000000   250.000000   250.000000   250.000000
	   250.000000   250.000000   250.000000   250.000000   250.000000
	</matrix>
	<vector name='norm_in' length='5'>
	    20.000000
	    20.000000
	     6.280000
	     1.000000
	     1.000000
	</vector>
	<vector name='norm_out' length='1'>
	     1.000000
	</vector>
	<matrix name='init_D' rows='5' columns='5'>
	    10.000000     0.000000     0.000000     0.000000     0.000000
	     0.000000    10.000000     0.000000     0.000000     0.000000
	     0.000000     0.000000    10.000000     0.000000     0.000000
	     0.000000     0.000000     0.000000    10.000000     0.000000
	     0.000000     0.000000     0.000000     0.000000    10.000000
	</matrix>
	<matrix name='init_M' rows='5' columns='5'>
	     3.162278     0.000000     0.000000     0.000000     0.000000
	     0.000000     3.162278     0.000000     0.000000     0.000000
	     0.000000     0.000000     3.162278     0.000000     0.000000
	     0.000000     0.000000     0.000000     3.162278     0.000000
	     0.000000     0.000000     0.000000     0.000000     3.162278
	</matrix>
	<scalar name='w_gen'>     0.100000 </scalar>
	<scalar name='w_prune'>     1.000000 </scalar>
	<scalar name='init_lambda'>     0.999000 </scalar>
	<scalar name='final_lambda'>     0.999990 </scalar>
	<scalar name='tau_lambda'>     0.999900 </scalar>
	<scalar name='init_S2'> 1.000000e-10 </scalar>
	<scalar name='add_threshold'>     0.500000 </scalar>
	<SubModel out_dim='0' numRFS='49'>
		<integer name='n_pruned'> 0 </integer>
		<ReceptiveField nReg='2'>
			<matrix name='D' rows='5' columns='5'>
			     8.104128    -0.058192     1.273271    -0.286382    -0.196013
			    -0.058192     9.268621     0.373510    -0.278913    -0.264600
			     1.273271     0.373510     7.979098     0.276429     0.478129
			    -0.286382    -0.278913     0.276429    29.840969    10.684381
			    -0.196013    -0.264600     0.478129    10.684381    31.443363
			</matrix>
			<matrix name='M' rows='5' columns='5'>
			     2.846775    -0.020441     0.447268    -0.100599    -0.068854
			     0.000000     3.044372     0.125692    -0.092291    -0.087377
			     0.000000     0.000000     2.786261     0.119524     0.186597
			     0.000000     0.000000     0.000000     5.459674     1.950132
			     0.000000     0.000000     0.000000     0.000000     5.252918
			</matrix>
			<matrix name='alpha' rows='5' columns='5'>
			   250.000000   250.000000   250.000000   250.000000   250.000000
			   250.000000   250.000000   250.000000   250.000000   250.000000
			   250.000000   250.000000   250.000000   250.000000   250.000000
			   250.000000   250.000000   250.000000   250.000000   250.000000
			   250.000000   250.000000   250.000000   250.000000   250.000000
			</matrix>
			<scalar name='beta0'> 3.800569e-03 </scalar>
			<vector name='beta' length='2'>
			     0.027146
			    -0.013676
			</vector>
			<vector name='c' length='5'>
			     0.000000
			     0.000000
			     0.000000
			     0.000000
			     0.000000
			</vector>
			<matrix name='SXresYres' rows='5' columns='2'>
			    -1.748384    -0.910190
			     0.127836    -0.156245
			    14.261872     1.892752
			    -1.374003     0.136666
			    -3.041726    -0.442196
			</matrix>
			<vector name='SSs2' length='2'>
			   164.625865
			    26.478773
			</vector>
			<vector name='SSYres' length='2'>
			     4.468852
			    -0.362137
			</vector>
			<matrix name='SSXres' rows='5' columns='2'>
			   -17.651302    -2.260547
			    16.965137    37.011179
			   167.745901   -12.929213
			    -2.901915     4.633492
			   -20.601908   -21.934495
			</matrix>
			<matrix name='U' rows='5' columns='2'>
			    -0.118520    -0.422110
			     0.008666    -0.072460
			     0.966792     0.877782
			    -0.093142     0.063380
			    -0.206194    -0.205072
			</matrix>
			<matrix name='P' rows='5' columns='2'>
			    -0.107221    -0.085372
			     0.103053     1.397768
			     1.018952    -0.488286
			    -0.017627     0.174989
			    -0.125144    -0.828380
			</matrix>
			<vector name='H' length='2'>
			     1.726382
			    -0.898306
			</vector>
			<vector name='r' length='2'>
			     0.090445
			     0.019246
			</vector>
			<matrix name='h' rows='5' columns='5'>
			     0.000000     0.000000     0.000000     0.000000     0.000000
			     0.000000     0.000000     0.000000     0.000000     0.000000
			     0.000000     0.000000     0.000000     0.000000     0.000000
			     0.000000     0.000000     0.000000     0.000000     0.000000
			     0.000000     0.000000     0.000000     0.000000     0.000000
			</matrix>
			<matrix name='b' rows='5' columns='5'>
			     5.521461     5.521461     5.521461     5.521461     5.521461
			     0.000000     5.521461     5.521461     5.521461     5.521461
			     0.000000     0.000000     5.521461     5.521461     5.521461
			     0.000000     0.000000     0.000000     5.521461     5.521461
			     0.000000     0.000000     0.000000     0.000000     5.521461
			</matrix>
			<vector name='sum_w' length='2'>
			 1.606361e+03
			 1.606361e+03
			</vector>
			<vector name='sum_e_cv2' length='2'>
			    11.123434
			    11.120382
			</vector>
			<scalar name='sum_e2'>    11.112215 </scalar>
			<scalar name='SSp'>     0.600094 </scalar>
			<vector name='n_data' length='2'>
			 3.139251e+04
			 3.139251e+04
			</vector>
			<integer name='trustworthy'> 1 </integer>
			<vector name='lambda' length='2'>
			     0.999989
			     0.999989
			</vector>
			<vector name='mean_x' length='5'>
			     0.193934
			     0.032136
			    -0.003647
			     0.044970
			    -0.014910
			</vector>
			<vector name='var_x' length='5'>
			     0.044586
			     0.064090
			     0.113015
			     0.039147
			     0.040862
			</vector>
			<scalar name='w'>     0.016117 </scalar>
			<vector name='s' length='2'>
			    -0.520196
			     0.086454
			</vector>
		</ReceptiveField>
		<ReceptiveField nReg='2'>
			<matrix name='D' rows='5' columns='5'>
			     7.386633     0.461672    -0.228672     0.015826    -0.274738
			     0.461672    11.065224     0.327098     1.303236     1.084958
			    -0.228672     0.327098    29.601946     2.506120    -0.639271
			     0.015826     1.303236     2.506120    13.709276    -0.901548
			    -0.274738     1.084958    -0.639271    -0.901548     5.954808
			</matrix>
			<matrix name='M' rows='5' columns='5'>
			     2.717836     0.169867    -0.084137     0.005823    -0.101087
			     0.000000     3.322103     0.102763     0.391995     0.331756
			     0.000000     0.000000     5.439146     0.453440    -0.125363
			     0.000000     0.000000     0.000000     3.653762    -0.266619
			     0.000000     0.000000     0.000000     0.000000     2.397441
			</matrix>
			<matrix name='alpha' rows='5' columns='5'>
			   250.000000   250.000000   250.000000   250.000000   250.000000
			   250.000000   250.000000   250.000000   250.000000   250.000000
			   250.000000   250.000000   250.000000   250.000000   250.000000
			   250.000000   250.000000   250.000000   250.000000   250.000000
			   250.000000   250.000000   250.000000   250.000000   250.000000
			</matrix>
			<scalar name='beta0'>    -0.087894 </scalar>
			<vector name='beta' length='2'>
			     0.358606
			     0.203519
			</vector>
			<vector name='c' length='5'>
			     0.049504
			    -0.051225
			     0.497792
			    -0.198097
			    -0.427002
			</vector>
			<matrix name='SXresYres' rows='5' columns='2'>
			     4.127034     1.905923
			    -9.304765     2.968488
			     9.125465     9.417442
			    40.283417    -0.711064
			    47.959465     1.544095
			</matrix>
			<vector name='SSs2' length='2'>
			    92.073651
			    25.939510
			</vector>
			<vector name='SSYres' length='2'>
			    33.018174
			     5.279181
			</vector>
			<matrix name='SSXres' rows='5' columns='2'>
			     6.775742    22.166917
			   -24.817889    -9.413940
			     1.721103    10.887217
			    57.729402   -13.712013
			    68.554127     9.220051
			</matrix>
			<matrix name='U' rows='5' columns='2'>
			     0.064377     0.186871
			    -0.145144     0.291053
			     0.142347     0.923356
			     0.628375    -0.069718
			     0.748112     0.151395
			</matrix>
			<matrix name='P' rows='5' columns='2'>
			     0.073590     0.854562
			    -0.269544    -0.362919
			     0.018693     0.419716
			     0.626992    -0.528615
			     0.744557     0.355444
			</matrix>
			<vector name='H' length='2'>
			     1.771042
			     0.959519
			</vector>
			<vector name='r' length='2'>
			     0.221002
			     0.044560
			</vector>
			<matrix name='h' rows='5' columns='5'>
			     0.000000     0.000000     0.000000     0.000000     0.000000
			     0.000000     0.000000     0.000000     0.000000     0.000000
			     0.000000     0.000000     0.000000     0.000000     0.000000
			     0.000000     0.000000     0.000000     0.000000     0.000000
			     0.000000     0.000000     0.000000     0.000000     0.000000
			</matrix>
			<matrix name='b' rows='5' columns='5'>
			     5.521461     5.521461     5.521461     5.521461     5.521461
			     0.000000     5.521461     5.521461     5.521461     5.521461
			     0.000000     0.000000     5.521461     5.521461     5.521461
			     0.000000     0.000000     0.000000     5.521461     5.521461
			     0.000000     0.000000     0.000000     0.000000     5.521461
			</matrix>
			<vector name='sum_w' length='2'>
			 1.397057e+03
			 1.397057e+03
			</vector>
			<vector name='sum_e_cv2' length='2'>
			     8.900960
			     7.829198
			</vector>
			<scalar name='sum_e2'>     7.801331 </scalar>
			<scalar name='SSp'>     0.899099 </scalar>
			<vector name='n_data' length='2'>
			 1.303153e+04
			 1.303153e+04
			</vector>
			<integer name='trustworthy'> 1 </integer>
			<vector name='lambda' length='2'>
			     0.999968
			     0.999968
			</vector>
			<vector name='mean_x' length='5'>
			     0.212997
			     0.085543
			     0.403971
			    -0.139351
			    -0.231937
			</vector>
			<vector name='var_x' length='5'>
			     0.034479
			     0.049882
			     0.007115
			     0.046480
			     0.050597
			</vector>
			<scalar name='w'> 0.0 </scalar>
			<vector name='s' length='2'>
			     0.382119
			    -0.298988
			</vector>
		</ReceptiveField>
		<ReceptiveField nReg='2'>
			<matrix name='D' rows='5' columns='5'>
			    10.204881     0.349968    -0.378096    -0.048169    -0.589461
			     0.349968    10.828602    -0.321079    -0.079655     0.182103
			    -0.378096    -0.321079    27.814882    -2.768096     0.894163
			    -0.048169    -0.079655    -2.768096    11.584671    -0.672091
			    -0.589461     0.182103     0.894163    -0.672091     5.647008
			</matrix>
			<matrix name='M' rows='5' columns='5'>
			     3.194508     0.109553    -0.118358    -0.015079    -0.184523
			     0.000000     3.288860    -0.093684    -0.023717     0.061516
			     0.000000     0.000000     5.271821    -0.525834     0.166562
			     0.000000     0.000000     0.000000     3.362645    -0.174217
			     0.000000     0.000000     0.000000     0.000000     2.356073
			</matrix>
			<matrix name='alpha' rows='5' columns='5'>
			   250.000000   250.000000   250.000000   250.000000   250.000000
			   250.000000   250.000000   250.000000   250.000000   250.000000
			   250.000000   250.000000   250.000000   250.000000   250.000000
			   250.000000   250.000000   250.000000   250.000000   250.000000
			   250.000000   250.000000   250.000000   250.000000   250.000000
			</matrix>
			<scalar name='beta0'>     0.073973 </scalar>
			<vector name='beta' length='2'>
			     0.341686
			     0.184928
			</vector>
			<vector name='c' length='5'>
			     0.050285
			    -0.051237
			    -0.500000
			    -0.208147
			    -0.435936
			</vector>
			<matrix name='SXresYres' rows='5' columns='2'>
			    -4.698039    -2.623267
			     3.673831    -3.244342
			     9.969698     9.366531
			   -45.795332    -0.319720
			   -47.330582     0.398255
			</matrix>
			<vector name='SSs2' length='2'>
			    92.428079
			    30.163583
			</vector>
			<vector name='SSYres' length='2'>
			    31.581421
			     5.578089
			</vector>
			<matrix name='SSXres' rows='5' columns='2'>
			    -7.375133   -26.870655
			    15.119695     3.060295
			     1.756277    12.528407
			   -64.676140     3.948258
			   -64.815090    -0.452273
			</matrix>
			<matrix name='U' rows='5' columns='2'>
			    -0.070250    -0.255518
			     0.054935    -0.316014
			     0.149078     0.912344
			    -0.684783    -0.031142
			    -0.707740     0.038792
			</matrix>
			<matrix name='P' rows='5' columns='2'>
			    -0.079793    -0.890831
			     0.163583     0.101457
			     0.019002     0.415349
			    -0.699746     0.130895
			    -0.701249    -0.014994
			</matrix>
			<vector name='H' length='2'>
			    -0.225710
			     0.255257
			</vector>
			<vector name='r' length='2'>
			     0.212162
			     0.060470
			</vector>
			<matrix name='h' rows='5' columns='5'>
			     0.000000     0.000000     0.000000     0.000000     0.000000
			     0.000000     0.000000     0.000000     0.000000     0.000000
			     0.000000     0.000000     0.000000     0.000000     0.000000
			     0.000000     0.000000     0.000000     0.000000     0.000000
			     0.000000     0.000000     0.000000     0.000000     0.000000
			</matrix>
			<matrix name='b' rows='5' columns='5'>
			     5.521461     5.521461     5.521461     5.521461     5.521461
			     0.000000     5.521461     5.521461     5.521461     5.521461
			     0.000000     0.000000     5.521461     5.521461     5.521461
			     0.000000     0.000000     0.000000     5.521461     5.521461
			     0.000000     0.000000     0.000000     0.000000     5.521461
			</matrix>
			<vector name='sum_w' length='2'>
			 1.351891e+03
			 1.351891e+03
			</vector>
			<vector name='sum_e_cv2' length='2'>
			     8.903443
			     7.875213
			</vector>
			<scalar name='sum_e2'>     7.844966 </scalar>
			<scalar name='SSp'>     0.849470 </scalar>
			<vector name='n_data' length='2'>
			 1.421901e+04
			 1.421901e+04
			</vector>
			<integer name='trustworthy'> 1 </integer>
			<vector name='lambda' length='2'>
			     0.999972
			     0.999972
			</vector>
			<vector name='mean_x' length='5'>
			     0.202299
			     0.064100
			    -0.401822
			    -0.115493
			    -0.215780
			</vector>
			<vector name='var_x' length='5'>
			     0.036952
			     0.053019
			     0.009262
			     0.059305
			     0.053768
			</vector>
			<scalar name='w'>     0.069366 </scalar>
			<vector name='s' length='2'>
			    -0.582673
			    -0.017709
			</vector>
		</ReceptiveField>
		<ReceptiveField nReg='2'>
			<matrix name='D' rows='5' columns='5'>
			     6.505927    -0.349171    -0.154187     0.647044    -1.227202
			    -0.349171     8.944133    -0.175309     0.208881    -0.417544
			    -0.154187    -0.175309    21.929229    -2.653644    -0.224315
			     0.647044     0.208881    -2.653644    16.085896     4.065147
			    -1.227202    -0.417544    -0.224315     4.065147    12.242039
			</matrix>
			<matrix name='M' rows='5' columns='5'>
			     2.550672    -0.136894    -0.060450     0.253676    -0.481129
			     0.000000     2.987540    -0.061450     0.081541    -0.161808
			     0.000000     0.000000     4.682072    -0.562422    -0.056245
			     0.000000     0.000000     0.000000     3.962143     1.052147
			     0.000000     0.000000     0.000000     0.000000     3.297604
			</matrix>
			<matrix name='alpha' rows='5' columns='5'>
			   250.000000   250.000000   250.000000   250.000000   250.000000
			   250.000000   250.000000   250.000000   250.000000   250.000000
			   250.000000   250.000000   250.000000   250.000000   250.000000
			   250.000000   250.000000   250.000000   250.000000   250.000000
			   250.000000   250.000000   250.000000   250.000000   250.000000
			</matrix>
			<scalar name='beta0'>     0.018405 </scalar>
			<vector name='beta' length='2'>
			     0.325096
			    -0.004037
			</vector>
			<vector name='c' length='5'>
			     0.080394
			    -0.025960
			     0.500000
			    -0.279344
			     0.368350
			</vector>
			<matrix name='SXresYres' rows='5' columns='2'>
			    -2.959094     0.665669
			     2.443841    -1.260318
			    -1.635737    -3.908653
			    24.393074    -0.398137
			    27.190242     4.146717
			</matrix>
			<vector name='SSs2' length='2'>
			    50.874745
			    31.608063
			</vector>
			<vector name='SSYres' length='2'>
			    16.539175
			    -0.127606
			</vector>
			<matrix name='SSXres' rows='5' columns='2'>
			    -6.320862     8.239300
			     7.969335    -4.155626
			    -1.372952   -12.301372
			    31.302231   -27.282266
			    39.317716    24.911048
			</matrix>
			<matrix name='U' rows='5' columns='2'>
			    -0.080485     0.113064
			     0.066470    -0.214066
			    -0.044491    -0.663888
			     0.663469    -0.067624
			     0.739549     0.704323
			</matrix>
			<matrix name='P' rows='5' columns='2'>
			    -0.124244     0.260671
			     0.156646    -0.131474
			    -0.026987    -0.389185
			     0.615280    -0.863143
			     0.772834     0.788123
			</matrix>
			<vector name='H' length='2'>
			    -0.027434
			    -0.087595
			</vector>
			<vector name='r' length='2'>
			     0.025942
			     0.006613
			</vector>
			<matrix name='h' rows='5' columns='5'>
			     0.000000     0.000000     0.000000     0.000000     0.000000
			     0.000000     0.000000     0.000000     0.000000     0.000000
			     0.000000     0.000000     0.000000     0.000000     0.000000
			     0.000000     0.000000     0.000000     0.000000     0.000000
			     0.000000     0.000000     0.000000     0.000000     0.000000
			</matrix>
			<matrix name='b' rows='5' columns='5'>
			     5.521461     5.521461     5.521461     5.521461     5.521461
			     0.000000     5.521461     5.521461     5.521461     5.521461
			     0.000000     0.000000     5.521461     5.521461     5.521461
			     0.000000     0.000000     0.000000     5.521461     5.521461
			     0.000000     0.000000     0.000000     0.000000     5.521461
			</matrix>
			<vector name='sum_w' length='2'>
			   965.801567
			   965.801567
			</vector>
			<vector name='sum_e_cv2' length='2'>
			     2.565157
			     2.565154
			</vector>
			<scalar name='sum_e2'>     2.561331 </scalar>
			<scalar name='SSp'>     0.494693 </scalar>
			<vector name='n_data' length='2'>
			 1.356226e+04
			 1.356226e+04
			</vector>
			<integer name='trustworthy'> 1 </integer>
			<vector name='lambda' length='2'>
			     0.999970
			     0.999970
			</vector>
			<vector name='mean_x' length='5'>
			     0.240905
			     0.068302
			     0.374522
			    -0.121315
			     0.185033
			</vector>
			<vector name='var_x' length='5'>
			     0.037412
			     0.063498
			     0.012589
			     0.049852
			     0.055343
			</vector>
			<scalar name='w'> 0.0 </scalar>
			<vector name='s' length='2'>
			     0.273767
			     0.365355
			</vector>
		</ReceptiveField>
		<ReceptiveField nReg='2'>
			<matrix name='D' rows='5' columns='5'>
			     7.192688    -0.127538    -1.997043     0.503168    -0.426987
			    -0.127538     9.174745    -0.931439     0.096455     0.145608
			    -1.997043    -0.931439    30.500065     7.002517    -4.075448
			     0.503168     0.096455     7.002517    17.982277     3.434347
			    -0.426987     0.145608    -4.075448     3.434347    18.812674
			</matrix>
			<matrix name='M' rows='5' columns='5'>
			     2.681919    -0.047555    -0.744632     0.187615    -0.159209
			     0.000000     3.028611    -0.319239     0.034794     0.045577
			     0.000000     0.000000     5.462936     1.309429    -0.765056
			     0.000000     0.000000     0.000000     4.028804     1.108125
			     0.000000     0.000000     0.000000     0.000000     4.119709
			</matrix>
			<matrix name='alpha' rows='5' columns='5'>
			   250.000000   250.000000   250.000000   250.000000   250.000000
			   250.000000   250.000000   250.000000   250.000000   250.000000
			   250.000000   250.000000   250.000000   250.000000   250.000000
			   250.000000   250.000000   250.000000   250.000000   250.000000
			   250.000000   250.000000   250.000000   250.000000   250.000000
			</matrix>
			<scalar name='beta0'> 5.069271e-03 </scalar>
			<vector name='beta' length='2'>
			     0.411325
			     0.027815
			</vector>
			<vector name='c' length='5'>
			     0.078589
			    -0.024671
			    -0.230878
			    -0.477290
			     0.411252
			</vector>
			<matrix name='SXresYres' rows='5' columns='2'>
			     1.130840    -1.776860
			    -1.730598     0.255846
			    -0.159101    -0.099398
			   -13.163964    -0.455926
			   -13.598005    -0.347955
			</matrix>
			<vector name='SSs2' length='2'>
			    21.393389
			    20.513848
			</vector>
			<vector name='SSYres' length='2'>
			     8.799642
			     0.570583
			</vector>
			<matrix name='SSXres' rows='5' columns='2'>
			     2.663853   -18.428366
			    -4.030794     5.909483
			    -0.559988    -5.150596
			   -14.059854     4.824325
			   -15.588861    -6.255909
			</matrix>
			<matrix name='U' rows='5' columns='2'>
			     0.059395    -0.941534
			    -0.090896     0.135570
			    -0.008356    -0.052670
			    -0.691410    -0.241589
			    -0.714207    -0.184377
			</matrix>
			<matrix name='P' rows='5' columns='2'>
			     0.124518    -0.898338
			    -0.188413     0.288073
			    -0.026176    -0.251079
			    -0.657206     0.235174
			    -0.728677    -0.304960
			</matrix>
			<vector name='H' length='2'>
			    -0.010541
			    -0.255881
			</vector>
			<vector name='r' length='2'>
			 6.773299e-03
			 6.383839e-03
			</vector>
			<matrix name='h' rows='5' columns='5'>
			     0.000000     0.000000     0.000000     0.000000     0.000000
			     0.000000     0.000000     0.000000     0.000000     0.000000
			     0.000000     0.000000     0.000000     0.000000     0.000000
			     0.000000     0.000000     0.000000     0.000000     0.000000
			     0.000000     0.000000     0.000000     0.000000     0.000000
			</matrix>
			<matrix name='b' rows='5' columns='5'>
			     5.521461     5.521461     5.521461     5.521461     5.521461
			     0.000000     5.521461     5.521461     5.521461     5.521461
			     0.000000     0.000000     5.521461     5.521461     5.521461
			     0.000000     0.000000     0.000000     5.521461     5.521461
			     0.000000     0.000000     0.000000     0.000000     5.521461
			</matrix>
			<vector name='sum_w' length='2'>
			   539.224018
			   539.224018
			</vector>
			<vector name='sum_e_cv2' length='2'>
			     1.521495
			     1.506077
			</vector>
			<scalar name='sum_e2'>     1.501120 </scalar>
			<scalar name='SSp'>     0.489897 </scalar>
			<vector name='n_data' length='2'>
			 9.915359e+03
			 9.915359e+03
			</vector>
			<integer name='trustworthy'> 1 </integer>
			<vector name='lambda' length='2'>
			     0.999951
			     0.999951
			</vector>
			<vector name='mean_x' length='5'>
			     0.262737
			     0.065836
			    -0.239504
			    -0.284447
			     0.268974
			</vector>
			<vector name='var_x' length='5'>
			     0.037738
			     0.069238
			     0.028943
			     0.038157
			     0.040059
			</vector>
			<scalar name='w'>     0.051370 </scalar>
			<vector name='s' length='2'>
			    -0.387652
			     0.231193
			</vector>
		</ReceptiveField>
		<ReceptiveField nReg='3'>
			<matrix name='D' rows='5' columns='5'>
			    14.481869     1.625268    -2.235658    -2.538028     0.533934
			     1.625268    12.497415    -2.073084    -3.001522    -0.570666
			    -2.235658    -2.073084    31.643376     5.153898    -1.394578
			    -2.538028    -3.001522     5.153898    25.946895    -1.279898
			     0.533934    -0.570666    -1.394578    -1.279898     8.663873
			</matrix>
			<matrix name='M' rows='5' columns='5'>
			     3.805505     0.427083    -0.587480    -0.666936     0.140306
			     0.000000     3.509275    -0.519247    -0.774144    -0.179692
			     0.000000     0.000000     5.570334     0.782738    -0.252311
			     0.000000     0.000000     0.000000     4.928500    -0.228860
			     0.000000     0.000000     0.000000     0.000000     2.914766
			</matrix>
			<matrix name='alpha' rows='5' columns='5'>
			   250.000000   250.000000   250.000000   250.000000   250.000000
			   250.000000   250.000000   250.000000   250.000000   250.000000
			   250.000000   250.000000   250.000000   250.000000   250.000000
			   250.000000   250.000000   250.000000   250.000000   250.000000
			   250.000000   250.000000   250.000000   250.000000   250.000000
			</matrix>
			<scalar name='beta0'>    -0.098823 </scalar>
			<vector name='beta' length='3'>
			     0.340427
			     0.212099
			     0.085912
			</vector>
			<vector name='c' length='5'>
			     0.032853
			    -0.009374
			    -0.388627
			     0.025347
			     0.474382
			</vector>
			<matrix name='SXresYres' rows='5' columns='3'>
			     0.739420    -1.753100    -0.333042
			    -6.916838     0.449019    -1.364401
			    -2.105848    -6.062572    -0.875859
			   -19.273877     0.267720    -1.769403
			   -25.877568    -2.113042     1.623843
			</matrix>
			<vector name='SSs2' length='3'>
			    42.661990
			    14.122835
			    19.458291
			</vector>
			<vector name='SSYres' length='3'>
			    14.523297
			     2.995438
			     1.671710
			</vector>
			<matrix name='SSXres' rows='5' columns='3'>
			     3.414928    -5.607067    -9.070637
			   -15.399284     5.397441    -7.692179
			     0.463818   -10.808810    -2.894637
			   -22.934538     7.690177   -10.643995
			   -34.038417    -7.603036    10.135753
			</matrix>
			<matrix name='U' rows='5' columns='3'>
			     0.022356    -0.262605    -0.114184
			    -0.209126     0.067261    -0.467785
			    -0.063669    -0.908141    -0.300289
			    -0.582733     0.040103    -0.606640
			    -0.782391    -0.316522     0.556735
			</matrix>
			<matrix name='P' rows='5' columns='3'>
			     0.080046    -0.397021    -0.466158
			    -0.360960     0.382178    -0.395316
			     0.010872    -0.765343    -0.148761
			    -0.537587     0.544521    -0.547016
			    -0.797863    -0.538351     0.520896
			</matrix>
			<vector name='H' length='3'>
			    -0.649806
			     0.374856
			     0.558773
			</vector>
			<vector name='r' length='3'>
			     0.043092
			     0.010316
			     0.010783
			</vector>
			<matrix name='h' rows='5' columns='5'>
			     0.000000     0.000000     0.000000     0.000000     0.000000
			     0.000000     0.000000     0.000000     0.000000     0.000000
			     0.000000     0.000000     0.000000     0.000000     0.000000
			     0.000000     0.000000     0.000000     0.000000     0.000000
			     0.000000     0.000000     0.000000     0.000000     0.000000
			</matrix>
			<matrix name='b' rows='5' columns='5'>
			     5.521461     5.521461     5.521461     5.521461     5.521461
			     0.000000     5.521461     5.521461     5.521461     5.521461
			     0.000000     0.000000     5.521461     5.521461     5.521461
			     0.000000     0.000000     0.000000     5.521461     5.521461
			     0.000000     0.000000     0.000000     0.000000     5.521461
			</matrix>
			<vector name='sum_w' length='3'>
			   895.914126
			   895.914126
			   804.438214
			</vector>
			<vector name='sum_e_cv2' length='3'>
			     4.704566
			     4.070612
			     3.523794
			</vector>
			<scalar name='sum_e2'>     3.506279 </scalar>
			<scalar name='SSp'>     0.837351 </scalar>
			<vector name='n_data' length='3'>
			 1.253828e+04
			 1.253828e+04
			 1.101544e+04
			</vector>
			<integer name='trustworthy'> 1 </integer>
			<vector name='lambda' length='3'>
			     0.999966
			     0.999966
			     0.999958
			</vector>
			<vector name='mean_x' length='5'>
			     0.192526
			     0.081845
			    -0.371998
			     0.092762
			     0.278048
			</vector>
			<vector name='var_x' length='5'>
			     0.029936
			     0.052450
			     0.012461
			     0.033239
			     0.043400
			</vector>
			<scalar name='w'>     0.760433 </scalar>
			<vector name='s' length='3'>
			    -0.116523
			     0.127188
			     0.186657
			</vector>
		</ReceptiveField>
		<ReceptiveField nReg='2'>
			<matrix name='D' rows='5' columns='5'>
			     8.204027     0.188004     1.114406    -1.161021    -0.696731
			     0.188004     9.377645     0.947159    -2.114844    -1.690012
			     1.114406     0.947159    28.521536    -1.255714    -3.047529
			    -1.161021    -2.114844    -1.255714     5.346694     0.862540
			    -0.696731    -1.690012    -3.047529     0.862540    20.651300
			</matrix>
			<matrix name='M' rows='5' columns='5'>
			     2.864267     0.065638     0.389072    -0.405347    -0.243249
			     0.000000     3.061591     0.301027    -0.682076    -0.546790
			     0.000000     0.000000     5.317851    -0.167865    -0.524326
			     0.000000     0.000000     0.000000     2.165406     0.139914
			     0.000000     0.000000     0.000000     0.000000     4.471986
			</matrix>
			<matrix name='alpha' rows='5' columns='5'>
			   250.000000   250.000000   250.000000   250.000000   250.000000
			   250.000000   250.000000   250.000000   250.000000   250.000000
			   250.000000   250.000000   250.000000   250.000000   250.000000
			   250.000000   250.000000   250.000000   250.000000   250.000000
			   250.000000   250.000000   250.000000   250.000000   250.000000
			</matrix>
			<scalar name='beta0'>     0.079939 </scalar>
			<vector name='beta' length='2'>
			     0.360275
			     0.132817
			</vector>
			<vector name='c' length='5'>
			     0.089732
			     0.029934
			     0.444139
			     0.428772
			     0.039769
			</vector>
			<matrix name='SXresYres' rows='5' columns='2'>
			     0.094075    -0.895240
			    10.030433    -4.594122
			    -8.653160    -7.384153
			    51.942984    -2.827819
			    41.341201     4.416926
			</matrix>
			<vector name='SSs2' length='2'>
			    94.378520
			    42.605413
			</vector>
			<vector name='SSYres' length='2'>
			    34.002230
			     5.658718
			</vector>
			<matrix name='SSXres' rows='5' columns='2'>
			     0.655960    -5.363668
			    25.729441   -25.330341
			    -2.909134    -7.889421
			    74.525727   -24.042047
			    53.806375    36.210660
			</matrix>
			<matrix name='U' rows='5' columns='2'>
			 1.389678e-03 -8.781133e-02
			 1.481701e-01 -4.506231e-01
			 -1.278250e-01 -7.242885e-01
			 7.673047e-01 -2.773719e-01
			 6.106946e-01 4.332425e-01
			</matrix>
			<matrix name='P' rows='5' columns='2'>
			 6.950308e-03 -1.258917e-01
			 2.726197e-01 -5.945334e-01
			 -3.082411e-02 -1.851741e-01
			 7.896471e-01 -5.642956e-01
			 5.701125e-01 8.499075e-01
			</matrix>
			<vector name='H' length='2'>
			     1.061469
			     0.575080
			</vector>
			<vector name='r' length='2'>
			     0.138504
			     0.026560
			</vector>
			<matrix name='h' rows='5' columns='5'>
			     0.000000     0.000000     0.000000     0.000000     0.000000
			     0.000000     0.000000     0.000000     0.000000     0.000000
			     0.000000     0.000000     0.000000     0.000000     0.000000
			     0.000000     0.000000     0.000000     0.000000     0.000000
			     0.000000     0.000000     0.000000     0.000000     0.000000
			</matrix>
			<matrix name='b' rows='5' columns='5'>
			     5.521461     5.521461     5.521461     5.521461     5.521461
			     0.000000     5.521461     5.521461     5.521461     5.521461
			     0.000000     0.000000     5.521461     5.521461     5.521461
			     0.000000     0.000000     0.000000     5.521461     5.521461
			     0.000000     0.000000     0.000000     0.000000     5.521461
			</matrix>
			<vector name='sum_w' length='2'>
			 2.009999e+03
			 2.009999e+03
			</vector>
			<vector name='sum_e_cv2' length='2'>
			     8.211375
			     7.460931
			</vector>
			<scalar name='sum_e2'>     7.442536 </scalar>
			<scalar name='SSp'>     0.897738 </scalar>
			<vector name='n_data' length='2'>
			 1.635986e+04
			 1.635986e+04
			</vector>
			<integer name='trustworthy'> 1 </integer>
			<vector name='lambda' length='2'>
			     0.999977
			     0.999977
			</vector>
			<vector name='mean_x' length='5'>
			     0.206673
			     0.102378
			     0.376290
			     0.226980
			     0.065477
			</vector>
			<vector name='var_x' length='5'>
			     0.034165
			     0.045437
			     0.010374
			     0.043492
			     0.041341
			</vector>
			<scalar name='w'> 0.0 </scalar>
			<vector name='s' length='2'>
			    -0.043834
			     0.618669
			</vector>
		</ReceptiveField>
		<ReceptiveField nReg='2'>
			<matrix name='D' rows='5' columns='5'>
			     6.626339     0.374024     0.569025     0.659550     0.237550
			     0.374024     9.238595    -0.547412    -1.153925    -1.670584
			     0.569025    -0.547412    30.095819    -7.196900     3.963825
			     0.659550    -1.153925    -7.196900    10.215657     0.314372
			     0.237550    -1.670584     3.963825     0.314372    15.466270
			</matrix>
			<matrix name='M' rows='5' columns='5'>
			     2.574168     0.145299     0.221052     0.256219     0.092282
			     0.000000     3.036031    -0.190884    -0.392339    -0.554669
			     0.000000     0.000000     5.478186    -1.337748     0.700514
			     0.000000     0.000000     0.000000     2.864701     0.352644
			     0.000000     0.000000     0.000000     0.000000     3.812482
			</matrix>
			<matrix name='alpha' rows='5' columns='5'>
			   250.000000   250.000000   250.000000   250.000000   250.000000
			   250.000000   250.000000   250.000000   250.000000   250.000000
			   250.000000   250.000000   250.000000   250.000000   250.000000
			   250.000000   250.000000   250.000000   250.000000   250.000000
			   250.000000   250.000000   250.000000   250.000000   250.000000
			</matrix>
			<scalar name='beta0'> -2.994427e-04 </scalar>
			<vector name='beta' length='2'>
			     0.353806
			     0.086546
			</vector>
			<vector name='c' length='5'>
			    -0.243814
			    -0.008316
			    -0.291258
			     0.440710
			    -0.341498
			</vector>
			<matrix name='SXresYres' rows='5' columns='2'>
			     1.985103    -3.194030
			    -3.691458     0.902857
			     0.300730    42.316944
			   -30.545141   -22.110804
			   -24.807225   -11.837996
			</matrix>
			<vector name='SSs2' length='2'>
			    39.147999
			    12.883023
			</vector>
			<vector name='SSYres' length='2'>
			    13.850814
			     1.114972
			</vector>
			<matrix name='SSXres' rows='5' columns='2'>
			     3.478932    -3.200344
			    -7.228367     1.732624
			    -4.256109    15.772860
			   -34.945631     4.516333
			   -18.641541    -5.777411
			</matrix>
			<matrix name='U' rows='5' columns='2'>
			     0.050162    -0.064784
			    -0.093281     0.018312
			     0.007599     0.858307
			    -0.771858    -0.448470
			    -0.626865    -0.240108
			</matrix>
			<matrix name='P' rows='5' columns='2'>
			     0.088866    -0.248416
			    -0.184642     0.134489
			    -0.108718     1.224314
			    -0.892654     0.350565
			    -0.476181    -0.448452
			</matrix>
			<vector name='H' length='2'>
			     0.024804
			    -0.368610
			</vector>
			<vector name='r' length='2'>
			     0.021823
			     0.004045
			</vector>
			<matrix name='h' rows='5' columns='5'>
			     0.000000     0.000000     0.000000     0.000000     0.000000
			     0.000000     0.000000     0.000000     0.000000     0.000000
			     0.000000     0.000000     0.000000     0.000000     0.000000
			     0.000000     0.000000     0.000000     0.000000     0.000000
			     0.000000     0.000000     0.000000     0.000000     0.000000
			</matrix>
			<matrix name='b' rows='5' columns='5'>
			     5.521461     5.521461     5.521461     5.521461     5.521461
			     0.000000     5.521461     5.521461     5.521461     5.521461
			     0.000000     0.000000     5.521461     5.521461     5.521461
			     0.000000     0.000000     0.000000     5.521461     5.521461
			     0.000000     0.000000     0.000000     0.000000     5.521461
			</matrix>
			<vector name='sum_w' length='2'>
			   974.640689
			   974.640689
			</vector>
			<vector name='sum_e_cv2' length='2'>
			     2.413148
			     2.319287
			</vector>
			<scalar name='sum_e2'>     2.314809 </scalar>
			<scalar name='SSp'>     0.651358 </scalar>
			<vector name='n_data' length='2'>
			 1.208269e+04
			 1.208269e+04
			</vector>
			<integer name='trustworthy'> 1 </integer>
			<vector name='lambda' length='2'>
			     0.999964
			     0.999964
			</vector>
			<vector name='mean_x' length='5'>
			     0.125736
			     0.134117
			    -0.304576
			     0.267289
			    -0.269222
			</vector>
			<vector name='var_x' length='5'>
			     0.031037
			     0.029573
			     0.021637
			     0.049746
			     0.033728
			</vector>
			<scalar name='w'> 9.979995e-03 </scalar>
			<vector name='s' length='2'>
			    -0.303931
			    -0.095996
			</vector>
		</ReceptiveField>
		<ReceptiveField nReg='2'>
			<matrix name='D' rows='5' columns='5'>
			     7.360716    -1.137442    -3.336211    -1.781084    -2.167726
			    -1.137442     8.522982     0.868486    -0.853989     0.804819
			    -3.336211     0.868486    50.378025   -12.870287    -1.529233
			    -1.781084    -0.853989   -12.870287     6.591190    -0.585030
			    -2.167726     0.804819    -1.529233    -0.585030     5.920832
			</matrix>
			<matrix name='M' rows='5' columns='5'>
			     2.713064    -0.419246    -1.229684    -0.656484    -0.798996
			     0.000000     2.889155     0.122162    -0.390847     0.162623
			     0.000000     0.000000     6.989348    -1.950083    -0.362210
			     0.000000     0.000000     0.000000     1.484801    -1.180183
			     0.000000     0.000000     0.000000     0.000000     1.931829
			</matrix>
			<matrix name='alpha' rows='5' columns='5'>
			   250.000000   250.000000   250.000000   250.000000   250.000000
			   250.000000   250.000000   250.000000   250.000000   250.000000
			   250.000000   250.000000   250.000000   250.000000   250.000000
			   250.000000   250.000000   250.000000   250.000000   250.000000
			   250.000000   250.000000   250.000000   250.000000   250.000000
			</matrix>
			<scalar name='beta0'>    -0.013896 </scalar>
			<vector name='beta' length='2'>
			     0.423390
			     0.011642
			</vector>
			<vector name='c' length='5'>
			    -0.255769
			    -0.023904
			     0.168804
			    -0.500000
			    -0.254131
			</vector>
			<matrix name='SXresYres' rows='5' columns='2'>
			     4.911422     0.779932
			    -1.020319    -0.454220
			     4.454491    -2.508238
			    73.284124     1.158394
			    80.494019     0.673902
			</matrix>
			<vector name='SSs2' length='2'>
			   167.004245
			    37.602475
			</vector>
			<vector name='SSYres' length='2'>
			    70.707955
			     0.437760
			</vector>
			<matrix name='SSXres' rows='5' columns='2'>
			    11.662357    28.537948
			     0.040045     0.190656
			    15.582176    -9.705787
			   109.753758   -24.057976
			   125.779333    20.473928
			</matrix>
			<matrix name='U' rows='5' columns='2'>
			     0.045033     0.261406
			    -0.009355    -0.152239
			     0.040843    -0.840674
			     0.671940     0.388253
			     0.738047     0.225868
			</matrix>
			<matrix name='P' rows='5' columns='2'>
			     0.069833     0.758938
			     0.000240     0.005070
			     0.093304    -0.258116
			     0.657191    -0.639798
			     0.753151     0.544484
			</matrix>
